$ANSIBLE_VAULT;1.1;AES256
61343730386630633962666632326135613233383263326436396235633563613133363639323465
6530353538616432346130373032303032383831353231360a656630643038353838356130396239
65373337373264303961663831333634393366386135323264346633323139313365356633643438
6137313966383730360a653536373533383637353237323133616238373264646465623935383065
33613235353666313531316437316431663030363034613134306237656539343834353765333037
32323236376461303139663462663032613233663737666434326661643465663638383332333063
61323135343465623635663236653564303562663037656537663065366634643763613561633234
35623239633535376534303534343761383761313337346134656138323262653664636534353463
30666562656132323765346134363366633230323534386438623462633863356135613037633065
66623136353138313365316339343562303939646534633231363463333763363734313562303736
61303430323262666232363233633537623764663837633636643262396232663235336331393034
31393131636362656661633565656332663665383030643133336535613738343364386663613331
62646337373334323235343366316166656434373463376366343839323333613237373962636562
32376339383465353139386464376465373136646461386166636634666435646463396435353463
32656431386330636330376637323266393261373936383037616430656164306262396365356663
61306132343463343261653939613363333631363665383762396666343535373336356430343633
63343566653731376161313131313861383636616634303433333463396432323232323633623864
34316234356439353736363738666331353839333039326236663434623138383361316531343665
33653337396235636363633530356536616462336162336431383261373064613031306136613861
65383531653836626631396265643762666439643433333837336534343731633166646130643665
38356161353764316237343538616530333436656430306638633733313861396461336131623839
35653262396331633764303330306335613266633462653030346232306533353534333462366639
66346562333561336438366631333833316533356338336532363464313230343934643530626433
38613339326237323433326562343866333038643830613865353061646638336266343037323864
65353037326637636632396362633338326334613166343963373364303339313061373932383836
62656134336131653361396335613837653038623735653836623165386231396238326262336334
61633135396138626434333734633737613162613434613833656134363464376534336338613362
35663833303762613039343366666565343537303130313163663930366364666533653338653562
33366165336134343935616536643538363935333431663635663539653332616162366364393639
64346438646263646336663266346335393966326532323835613535393731386637616330353866
63626661666263333164306263376561613030643962396335333636613663346133316536633365
39643438323264393838613966656431343132336266666235346438336133366434616265633832
65356332616434623066393661376464353138626666313534643931653264303361376232303437
61646333356230646235376466633837653662626330356239323263643266623036323039343031
39366165646161326538323439636663303837353961643164626133333462356132613137356266
38306665653937303637393238643030353761393862353865643835333037303733633365623162
64346632336536366661643166303939626636333233643833356563373533646362643964353761
33623563366264663935663038383630383835396535343132393034343032643234656232316161
64626336333663616536613464393664646363353939633932326433343834303666633963373138
38636365643361303931623761643638336639366364313163336564613162333730353335313564
32333062313863323038356134353261366265373230643537623232376666323039633231303739
30663930376433313139313766343663386536613635383931633839396162376435373166306132
33633033363738323230313161353061663866623235623766653862376362336330333962316130
36376662373265653466396562613461326638613730613464626564636637656561616631323862
35373732313939323533376136316662626262383237313965336630343064613066623836346232
33353565376133653439366635633332306563373839356366333839393331623562343266396133
32343862613733386538343063316634326464373561316337343437316266643563663164663362
63306337363737383137326237663038626336646439623065383836316231613533666463353136
66346562633730383865366530323965356261383866383732656666376461376236633865323863
63653239386531656261383464323233663566656139323139623138316666393338333533373365
30616461326537613837383830313137613963383434313866323139346232393266643030646566
35333362353133323237366665386665623835643662633965353562646636373761366164623136
64653365623631663861633364613839343135633762316531356533363061333563343666666339
65663239343934373934326263336632636538393563326161383530323838333231386134656238
35373036303566346233373036333337663262653534356137656663313531613463656132386235
35633138306539303639303637356633313732303238633936643661666461626666306533333939
65306464323334313037343636336636316332343831396261633762653336633039626165396136
32643533653333346665323266633465643666363636363133626536363863356637393135333162
61616661356239643935613163343634646436366164306165373765646230393937643837306332
35373764633230386565383764393734626532656366613632343239643333356262656365393366
65303061323632316633616230633737373963343266313732656433356236376261336235633339
61626237376665366533663339323935663061666537343432353865343964353634366462613732
35393236393634643432396538366563393133323431376664633430376431653132623765353661
38613533643533626532393766336239333464633338623133323861643432643665376635626339
34366433356634393833356437353837373761633262383463643566396139623738323566663130
61366532643761356431663432636362656437616432623662303862363037353465643262653431
31663831333864396439323365353566653866643439623865363433636466666461323265393661
36363839393161633864373232366364353737613461313963653734666238323764663839303833
30326134613065663234643034303336363231663239386432613264336430656464393831333962
39396639383839336434316465343331613334636136656165343864346339383465303035393335
30653366383238656636663034356230613937386232303831363161616439366466653632346438
39653831636663393433363265336531626165393035393435333735393530316561326563323962
38613538613431336463363738373735333862633130316130376162663239663363656130346465
33323130333330316330393534663435363463616138363532303164643533633665663333653661
39316437623363386335323639643861333138326565653432356665646230343934623633653936
64636138363432383332616337306330336132386365366332386635656266356163653064313637
62326437356634373032393432366330346434386335663131303438643536343966343563366136
37653239616338623232363934303935336361656638363034633436383438393862643030383539
37393237366162306664333638346338626134336132376432613633366436656163323663393937
31653561613530326639336332393836336230306235336639363335396435656464376331656261
3865
